200
600.00 300.00
599.85 309.42
599.41 318.84
598.67 328.23
597.63 337.60
596.31 346.93
594.69 356.21
592.78 365.44
590.57 374.61
588.09 383.70
585.32 392.71
582.26 401.62
578.93 410.44
575.33 419.14
571.45 427.73
567.30 436.20
562.89 444.53
558.22 452.71
553.30 460.75
548.12 468.63
542.71 476.34
537.05 483.87
531.15 491.23
525.03 498.39
518.69 505.36
512.13 512.13
505.36 518.69
498.39 525.03
491.23 531.15
483.87 537.05
476.34 542.71
468.63 548.12
460.75 553.30
452.71 558.22
444.53 562.89
436.20 567.30
427.73 571.45
419.14 575.33
410.44 578.93
401.62 582.26
392.71 585.32
383.70 588.09
374.61 590.57
365.44 592.78
356.21 594.69
346.93 596.31
337.60 597.63
328.23 598.67
318.84 599.41
309.42 599.85
300.00 600.00
290.58 599.85
281.16 599.41
271.77 598.67
262.40 597.63
253.07 596.31
243.79 594.69
234.56 592.78
225.39 590.57
216.30 588.09
207.29 585.32
198.38 582.26
189.56 578.93
180.86 575.33
172.27 571.45
163.80 567.30
155.47 562.89
147.29 558.22
139.25 553.30
131.37 548.12
123.66 542.71
116.13 537.05
108.77 531.15
101.61 525.03
94.64 518.69
87.87 512.13
81.31 505.36
74.97 498.39
68.85 491.23
62.95 483.87
57.29 476.34
51.88 468.63
46.70 460.75
41.78 452.71
37.11 444.53
32.70 436.20
28.55 427.73
24.67 419.14
21.07 410.44
17.74 401.62
14.68 392.71
11.91 383.70
9.43 374.61
7.22 365.44
5.31 356.21
3.69 346.93
2.37 337.60
1.33 328.23
0.59 318.84
0.15 309.42
0.00 300.00
0.15 290.58
0.59 281.16
1.33 271.77
2.37 262.40
3.69 253.07
5.31 243.79
7.22 234.56
9.43 225.39
11.91 216.30
14.68 207.29
17.74 198.38
21.07 189.56
24.67 180.86
28.55 172.27
32.70 163.80
37.11 155.47
41.78 147.29
46.70 139.25
51.88 131.37
57.29 123.66
62.95 116.13
68.85 108.77
74.97 101.61
81.31 94.64
87.87 87.87
94.64 81.31
101.61 74.97
108.77 68.85
116.13 62.95
123.66 57.29
131.37 51.88
139.25 46.70
147.29 41.78
155.47 37.11
163.80 32.70
172.27 28.55
180.86 24.67
189.56 21.07
198.38 17.74
207.29 14.68
216.30 11.91
225.39 9.43
234.56 7.22
243.79 5.31
253.07 3.69
262.40 2.37
271.77 1.33
281.16 0.59
290.58 0.15
300.00 0.00
309.42 0.15
318.84 0.59
328.23 1.33
337.60 2.37
346.93 3.69
356.21 5.31
365.44 7.22
374.61 9.43
383.70 11.91
392.71 14.68
401.62 17.74
410.44 21.07
419.14 24.67
427.73 28.55
436.20 32.70
444.53 37.11
452.71 41.78
460.75 46.70
468.63 51.88
476.34 57.29
483.87 62.95
491.23 68.85
498.39 74.97
505.36 81.31
512.13 87.87
518.69 94.64
525.03 101.61
531.15 108.77
537.05 116.13
542.71 123.66
548.12 131.37
553.30 139.25
558.22 147.29
562.89 155.47
567.30 163.80
571.45 172.27
575.33 180.86
578.93 189.56
582.26 198.38
585.32 207.29
588.09 216.30
590.57 225.39
592.78 234.56
594.69 243.79
596.31 253.07
597.63 262.40
598.67 271.77
599.41 281.16
599.85 290.58


