198
100 100
101 100
102 100
103 100
104 100
105 100
106 100
107 100
108 100
109 100
110 100
111 100
112 100
113 100
114 100
115 100
116 100
117 100
118 100
119 100
120 100
121 100
122 100
123 100
124 100
125 100
126 100
127 100
128 100
129 100
130 100
131 100
132 100
133 100
134 100
135 100
136 100
137 100
138 100
139 100
140 100
141 100
142 100
143 100
144 100
145 100
146 100
147 100
148 100
149 100
700 101
700 102
700 103
700 104
700 105
700 106
700 107
700 108
700 109
700 110
700 111
700 112
700 113
700 114
700 115
700 116
700 117
700 118
700 119
700 120
700 121
700 122
700 123
700 124
700 125
700 126
700 127
700 128
700 129
700 130
700 131
700 132
700 133
700 134
700 135
700 136
700 137
700 138
700 139
700 140
700 141
700 142
700 143
700 144
700 145
700 146
700 147
700 148
700 149
149 700
148 700
147 700
146 700
145 700
144 700
143 700
142 700
141 700
140 700
139 700
138 700
137 700
136 700
135 700
134 700
133 700
132 700
131 700
130 700
129 700
128 700
127 700
126 700
125 700
124 700
123 700
122 700
121 700
120 700
119 700
118 700
117 700
116 700
115 700
114 700
113 700
112 700
111 700
110 700
109 700
108 700
107 700
106 700
105 700
104 700
103 700
102 700
101 700
100 700
100 149
100 148
100 147
100 146
100 145
100 144
100 143
100 142
100 141
100 140
100 139
100 138
100 137
100 136
100 135
100 134
100 133
100 132
100 131
100 130
100 129
100 128
100 127
100 126
100 125
100 124
100 123
100 122
100 121
100 120
100 119
100 118
100 117
100 116
100 115
100 114
100 113
100 112
100 111
100 110
100 109
100 108
100 107
100 106
100 105
100 104
100 103
100 102
100 101
