205
129.67555641095072 466.69718109716473
136.74072414048712 459.62254108311237
143.81291739506818 452.5574409737736
150.8921349827245 445.50188076914844
157.99320784380285 438.4411298408508
165.0864852107222 431.4046694036126
172.19421409776777 424.370403530512
179.30897723922607 417.3456975305229
186.43821891065272 410.32322605234384
193.5670543209889 403.31764978799595
200.70292039734693 396.32163339675964
207.85328346078967 389.3278815060258
215.01068949338784 382.343709477678
222.17513729567534 375.3691173117161
229.34662566818616 368.4041050081402
236.54014726192517 361.4341618518978
243.72572786869807 354.48832927280665
250.86477190282204 347.4777656639218
257.83509154621726 340.322828340128
264.76558767375434 333.10762801058587
271.64356423839956 325.8451071797162
278.4690230758399 318.535265847519
285.2419660217625 311.17810401399436
291.9623949118544 303.77362167914214
298.63031158180274 296.32181884296233
305.2457178672946 288.82269550545516
311.8086156040171 281.2762516666204
318.31900662765725 273.6824873264581
324.7652411762997 266.055287815094
331.17071939338274 258.36696819782253
337.51223485298743 250.64538470514117
343.8128075929656 242.86250981076057
350.0030883190632 235.0069485008047
356.0039342949391 227.0076444158185
361.82875740742685 218.8927432027325
367.49181551074986 210.64095080930645
372.97104437857865 202.2836594410387
377.35063909912105 193.5620870513916
371.00624666263906 185.87749477767943
364.47104610636086 178.30571010971073
357.90099307205526 170.7617691917419
351.29609927847235 163.24567202377318
344.6693785917192 155.77201696270697
337.9949064269914 148.31155291241407
331.29876661040856 140.89342231059072
324.56796864483294 133.5030268003344
319.18031320834064 125.08556910753066
315.1683835437382 115.94567421008833
312.5477951765731 106.29778093160678
311.58497698448264 96.37512176799771
312.4862457590178 86.41882891845705
314.30503927344 76.60419120311735
317.0524208672866 66.98423016357413
320.6917457424486 57.67453112411499
325.39498381657154 48.86702978748826
330.88823762819266 40.51287137052509
336.05104229354856 31.965043163299583
341.0559831053866 23.311594500268825
346.8506420204923 15.15393478086446
352.99435603380203 7.254724701404598
360.17194950640203 0.9954753417969187
363.48482215106486 9.978372112333659
362.8809966412606 19.96682171068801
361.91366573584094 29.91737597429767
360.83315927809474 39.85535539931061
359.6714972076416 49.78093324434758
359.8525950965881 59.761243933782
366.03846578121187 67.37119839490731
373.3708960168362 74.17942903433243
381.2316139984131 80.3627700978592
389.58943359375 85.85512950134273
398.3855105817318 90.59945165474403
407.5476722066403 94.56266996025784
417.02945874023436 97.74692620229723
426.73733006286625 100.15760913557563
436.61047161856004 100.03790259083814
446.50039804887854 98.59659305310322
456.3923758244823 97.06258658340676
466.24754477541893 95.44204620593041
476.1046875049943 93.7287313298458
485.9775993238589 92.14608519631133
495.9455163190614 91.39355415142825
505.94040438003503 90.95916036233882
515.9389656918913 90.84724766652141
525.9295661774286 91.05961618819867
535.9235871499499 91.5981846467713
545.8865579448373 92.4616517770603
555.8071137109846 93.64733583193265
565.6853749408077 95.15299125048273
575.5214620129785 96.97637772785231
585.0415347862244 100.01429561029374
594.5067803227902 103.23326995127672
603.9922512280941 106.36525187302914
613.5162759053708 109.41567197490087
623.209040223891 107.8372600383758
632.8501578837484 105.21491822051996
642.43615249498 102.36760795402529
651.9539730223939 99.2996797980071
661.3908699655086 96.01671112823476
670.7104175071717 92.3644887306474
679.4372138023376 87.52378736223488
687.4846542816163 81.58678474906276
694.6388303070069 74.62291466076488
700.7913452720643 66.73777561549264
705.8731094121933 58.13160773363575
706.1596065706619 48.16697373145905
706.1580940834315 38.16688430297677
705.9881549734863 28.174685129621935
705.6492094970082 18.177652029547517
705.1413237144839 8.18844385932789
709.8396144801751 0.0
717.3380953046828 5.975527118682862
723.0633145837998 14.110148700492573
727.8613459119954 22.879407744197465
732.3342738040558 31.82560960825856
736.4693683223746 40.93122803425342
740.2568176269606 50.17755597572011
743.6966123604775 59.56461214733122
746.7856710827388 69.0823119914013
749.5169582699955 78.69947764012807
751.8948333185333 88.41435866386814
752.3277312660217 98.39824061584466
751.3425566041908 108.33341180896753
748.9635570506053 118.04228080463406
745.2694931610934 127.32323930859559
739.5361046734981 135.5129138700962
733.4213104781118 143.41965178775774
727.0016049909592 151.09144892883296
720.3013556181286 158.49548867130272
713.306067195988 165.64600298982862
706.0440973445056 172.51398371273274
698.5171362174749 179.10106350708008
690.7430527101724 185.39626909548042
682.643316523487 191.25181210228527
673.8756472378968 196.0285469923615
664.5061180483847 199.5521904710307
654.7788060735807 201.76220740147153
644.956093940735 200.23904619961786
634.9835054397583 200.79432228706594
631.8877834649226 209.97872579716238
632.7615818566177 219.8658435983658
635.5472657708556 229.46135426354408
638.8152534447883 238.9115212213993
642.3256829660479 248.26089839446547
644.3207862445261 258.06052948939794
645.7713604068238 267.9469759364128
646.6711507529475 277.9097396219969
647.0161159015795 287.9047862315178
644.7293628692628 297.36457041931146
635.5643405065805 300.22490061831473
625.5790902558042 300.5832244307994
615.594727196293 299.93693510723114
605.7795901853992 298.0898936078595
596.1020138643175 295.60991642924245
586.5061436876572 292.7700587502204
577.0297255821228 289.5730562934875
569.3877297214448 295.57697295066134
561.7345490094772 302.0117941005426
553.9645348251872 308.30986934102305
546.0772692198683 314.4706493791483
538.0929967676624 320.4783273546251
530.0016562737959 326.3409153780665
521.7926358882431 332.065679356616
513.4870062564688 337.6379318550373
505.0851751473114 343.0582425260215
496.5875498384511 348.3271802241255
487.96686781772405 353.38405558788776
479.23675956529235 358.25945371353623
470.45775704069746 363.06186936236173
461.6426730075244 367.7840739391148
452.7915083274865 372.4260674437955
443.89118704796476 376.99448955041913
434.9546808098182 381.482464843519
425.9819904785617 385.88999332309515
416.9598808619231 390.2233606185913
407.91477188831004 394.4698775139153
398.82013917973313 398.6419971377924
389.6892196633071 402.7334338607788
380.5354627026077 406.7383744011223
371.34552684569513 410.6628681279421
362.1058583699063 414.51249240858107
352.8435142720507 418.2759745511487
343.54499387579557 421.9590098801925
334.2240117662104 425.5563748999834
324.85319441095515 429.0786345591843
315.4738427208521 432.5104717233479
306.04465750850534 435.86720352692157
296.59333180678766 439.138971726723
287.1200251193848 442.32612915661934
277.61086569423617 445.43354595959926
268.07786098551753 448.4733197572777
258.5255787456036 451.381407909803
248.90419793576 454.1083504873668
239.23031786625089 456.6478486478267
229.50375122956933 458.99888951161597
219.74140874974432 461.1568548094524
209.94329042677583 463.1217424988011
200.09217281073333 464.8964790314527
190.2224402562976 466.4748678190241
180.31693185871842 467.86017286693186
170.39305870346726 469.0504763206186
160.43353468608856 470.04836649523395
150.4734313928336 470.85135588253024
140.4955243896693 471.46236568690085
130.50882988135146 471.8821127344556