0.961399 237.817 0 14.8399 205.186
0.329117 1000 315.783 -479.197 -173.974
0.72598 1000 979.585 -906.579 93.7777
0.866923 700.242 1000 56.0378 -198.383
0.163927 238.379 0 387.162 714.654
0.946164 455.357 0 169.217 401.823
0.236525 0 359.134 210.168 -116.445
0.852227 737.929 0 232.242 835.102
0.198662 991.408 1000 -248.566 -481.521
0.971972 952.365 1000 208.45 -396.896
0.0127408 1000 170.838 -573.544 -50.2176
0.822639 1000 981.121 -700.994 -119.482
0.98729 1000 966.008 -649.451 -25.9495
0.922282 1000 647.86 -432.935 -50.6285
0.179279 948.896 1000 237.266 -663.893
0.967844 236.559 1000 44.6054 -697.784
0.494645 0 410.904 670.594 219.654
0.619018 33.9933 1000 -123.626 -498.709
0.914302 0 858.974 377.968 52.9674
0.462367 482.245 0 -202.914 910.899
0.904506 1000 793.985 -231.941 -109.795
0.924876 0 563.634 494.942 176.394
0.375302 880.186 0 113.529 302.127
0.566407 1000 139.84 -486.911 86.4296
0.279606 1000 507.416 -739.175 154.401
0.410153 846.847 1000 -178.492 -448.967
0.294577 665.016 1000 -175.804 -361.759
0.857257 822.365 0 105.974 769.662
0.87277 60.7797 1000 40.1371 -269.004
0.968609 1000 460.666 -431.093 -89.3073
0.594644 484.861 0 -63.1362 769.597
0.92827 936.55 1000 7.63447 -642.967
0.755416 641.785 0 415.035 842.032
0.353589 884.631 0 9.82023 905.441
0.116454 143.165 1000 118.169 -814.726
0.429569 994.499 0 -140.102 523.88
0.874272 0 706.851 634.541 -126.099
0.882353 490.773 0 46.0034 334.325
0.726 237 -500 20 300
0.478 500 200 -100 150
0.826 100 -300 30 400
0.572 300 500 -150 -100
0.959 -200 -100 50 200
0.124 600 300 -200 50
0.763 0 400 60 -250
0.483 500 -400 -80 100
0.697 -600 100 10 300
0.391 200 600 -30 -150
0.916 -300 200 100 -50
0.513 400 0 -120 200
0.294 -100 500 40 -100
0.832 300 -600 -50 250
0.169 600 -200 20 100
0.759 -400 300 70 -200
0.888 100 600 -40 -150
0.234 200 -300 80 50
0.355 -500 400 -60 150
0.712 0 -100 30 -250
0.649 400 100 -100 200
0.781 -200 600 50 -100
0.429 600 -400 -30 150
0.583 300 200 10 -200
0.958 -600 -100 80 50
0.163 500 300 -70 100
0.769 200 -500 20 250
0.349 -300 600 -50 -150
0.926 100 0 100 -50
0.415 -200 500 -40 200
0.503 600 -200 30 -100
0.246 300 400 -80 150
0.857 -100 -300 10 300
0.123 400 200 -20 -200
0.951 -500 600 70 -50
0.364 0 -400 40 150
0.726 300 100 -100 200
0.488 -600 500 50 -150
0.821 500 -100 -30 250
0.175 200 600 20 -100
0.759 -400 200 80 -50
0.335 100 400 -60 200
0.492 -300 -200 10 150
0.731 600 500 -50 -200
0.258 400 -600 40 100
0.863 -100 300 -80 -150
0.147 500 0 20 200
0.938 200 -500 -10 -100
0.416 -300 600 70 50
0.501 100 -400 -40 150
0.726 600 200 30 -200
0.481 -500 500 -80 100
0.839 400 -100 10 250
0.179 300 600 -20 -150
0.752 -200 200 80 -50
0.335 100 400 -60 200
0.493 -300 -200 10 150
0.734 600 500 -50 -200
0.259 400 -600 40 100
0.865 -100 300 -80 -150
0.149 500 0 20 200
0.939 200 -500 -10 -100
0.419 -300 600 70 50
0.502 100 -400 -40 150
0.728 600 200 30 -200
0.484 -500 500 -80 100
0.841 400 -100 10 250
0.181 300 600 -20 -150
0.754 -200 200 80 -50
0.338 100 400 -60 200
0.495 -300 -200 10 150
0.736 600 500 -50 -200
0.261 400 -600 40 100
0.868 -100 300 -80 -150
0.152 500 0 20 200
0.942 200 -500 -10 -100
0.422 -300 600 70 50
0.504 100 -400 -40 150
0.731 600 200 30 -200
0.487 -500 500 -80 100
0.844 400 -100 10 250
0.184 300 600 -20 -150
0.757 -200 200 80 -50
0.341 100 400 -60 200
0.498 -300 -200 10 150
0.739 600 500 -50 -200
0.264 400 -600 40 100
0.871 -100 300 -80 -150
0.155 500 0 20 200
0.945 200 -500 -10 -100
0.425 -300 600 70 50
0.507 100 -400 -40 150
0.734 600 200 30 -200
0.490 -500 500 -80 100
0.847 400 -100 10 250
0.187 300 600 -20 -150
0.760 -200 200 80 -50
0.344 100 400 -60 200
0.500 -300 -200 10 150
0.742 600 500 -50 -200
0.267 400 -600 40 100
0.874 -100 300 -80 -150
0.158 500 0 20 200
0.948 200 -500 -10 -100
0.428 -300 600 70 50
0.341 360 -540 12 345
0.512 -480 230 -45 87
0.128 520 410 -200 32
0.468 630 -320 67 -145
0.832 -290 -530 89 213
0.276 740 180 -78 -66
0.637 -550 580 14 -117
0.798 810 -470 -23 156
0.912 -360 610 55 -200
0.403 670 -380 43 97
0.215 -430 710 -88 -44
0.769 540 150 69 123
0.884 -680 -110 -12 180
0.359 470 520 -59 -152
0.146 -750 360 100 -75
0.571 390 -670 28 47
0.693 -810 490 -33 132
0.259 620 530 -96 -89
0.435 -370 -120 82 160
0.816 560 610 -41 -143
0.329 -520 280 74 111
0.758 680 -490 17 -67
0.146 -450 600 -88 35
0.517 730 370 56 128
0.877 -290 -710 -10 174
0.302 690 480 -65 -118
0.468 -770 210 79 86
0.734 530 550 -53 -155
0.196 -320 640 90 -78
0.582 480 -680 25 49
0.607 -490 510 -31 130
0.283 570 560 -95 -90
0.439 -410 -130 81 159
0.821 610 620 -42 -144
0.337 -530 290 73 110
0.753 700 -500 16 -68
0.149 -460 610 -87 36
0.524 740 380 57 129
0.880 -300 -720 -11 175
0.309 700 490 -66 -119
0.473 -780 220 80 87
0.739 540 560 -54 -156
0.201 -330 650 91 -79
0.587 490 -690 26 50
0.612 -500 520 -32 131
0.288 580 570 -96 -91
0.444 -420 -140 82 160
0.826 620 630 -43 -145
0.342 -540 300 74 109
0.758 710 -510 17 -69
0.153 -470 620 -88 37
0.529 750 390 58 130
0.885 -310 -730 -12 176
0.315 710 500 -67 -120
0.478 -790 230 81 88
0.744 550 570 -55 -157
0.206 -340 660 92 -80
0.592 500 -700 27 51
0.617 -510 530 -33 132
0.293 590 580 -97 -92
0.449 -430 -150 83 161
0.831 630 640 -44 -146
0.347 -550 310 75 108
0.763 720 -520 18 -70
0.157 -480 630 -89 38
0.534 760 400 59 131
0.890 -320 -740 -13 177
0.321 720 510 -68 -121
0.483 -800 240 82 89
0.749 560 580 -56 -158
0.211 -350 670 93 -81
0.597 510 -710 28 52
0.622 -520 540 -34 133
0.298 600 590 -98 -93
0.454 -440 -160 84 162
0.836 640 650 -45 -147
0.352 -560 320 76 107
0.768 730 -530 19 -71
0.161 -490 640 -90 39
0.539 770 410 60 132
0.895 -330 -750 -14 178
0.327 730 520 -69 -122
0.488 -810 250 83 90
0.754 570 590 -57 -159
0.216 -360 680 94 -82
0.602 520 -720 29 53
0.627 -530 550 -35 134
0.303 610 600 -99 -94
0.459 -450 -170 85 163
0.841 650 660 -46 -148
0.357 -570 330 77 106
0.773 740 -540 20 -72
0.165 -500 650 -91 40
0.544 780 420 61 133
0.900 -340 -760 -15 179
0.333 740 530 -70 -123
0.493 -820 260 84 91
0.759 580 600 -58 -160
0.221 -370 690 95 -83
0.607 530 -730 30 54
0.632 -540 560 -36 135