10 46
59 50
49 35
41 33
56 17
46 31
53 61
52 7
15 41
45 33
14 41
38 33
33 8
92 18
35 29
67 15
96 18
26 9
59 43
32 17
54 54
88 18
45 8
62 58
18 31
30 26
55 64
99 20
29 26
52 11
10 46
97 19
81 15
61 61
5 47
30 33
66 16
33 13
54 6
3 37
32 15
60 35
34 13
52 32
32 23
44 14
36 10
82 15
31 14
46 13
34 8
43 23
35 29
30 30
41 28
36 18
48 6
61 24
55 53
59 42
41 7
64 13
45 8
4 41
69 10
60 63
60 25
98 20
3 35
42 23
52 8
55 16
63 53
29 14
26 14
53 10
65 15
57 8
43 14
45 7
33 17
47 38
61 24
26 15
53 22
3 39
44 9
15 32
33 28
28 14
26 12
57 48
30 17
58 18
13 34
72 7
41 24
60 25
58 44
59 7
29 14
81 16
60 10
66 16
48 35
89 15
51 33
25 25
34 10
41 33
46 31
43 38
18 28
58 33
27 8
41 26
43 8
26 25
10 46
58 47
33 24
25 13
72 7
17 31
15 41
41 27
67 21
43 10
43 11
5 44
89 18
59 52
58 18
46 31
23 9
71 8
45 30
97 19
48 31
26 24
85 16
61 54
35 11
61 7
26 15
63 8
13 35
59 54
38 22
51 10
81 18
47 33
63 53
68 10
4 47
42 10
63 6
56 16
55 24
60 65
58 25
54 7
22 27
45 5
62 58
51 27
42 34
51 54
47 32
63 59
62 55
16 32
30 22
27 12
29 31
41 25
42 23
6 36
60 38
54 7
17 29
42 33
31 23
50 11
54 16
44 30
47 9
53 64
59 20
33 13
60 53
57 20
61 18
25 13
64 15
31 15
50 58
13 41
91 16
56 33
32 15
91 16
67 7
74 15
42 23
21 28
44 14
14 44
52 29
27 7
47 10
42 28
50 21
9 37
67 12
69 21
33 31
44 41
52 29
36 20
52 32
25 17
13 40
60 54
87 15
45 30
19 29
34 25
61 16
52 11
14 40
32 15
64 11
49 7
93 18
57 26
22 12
13 37
86 15
52 33
64 57
13 39
78 15
62 33
54 8
58 34
45 31
60 39
45 39
5 42
24 11
31 23
59 19
52 10
52 30
59 53
44 36
48 26
65 13
51 28
81 15
53 30
50 29
32 16
41 25
31 23
53 6
65 14
87 16
45 15
13 44
59 11
63 6
62 63
100 20
15 33
37 20
50 28
56 16
62 54
49 20
34 11
15 32
48 7
49 26
52 7
61 29
62 30
47 33
49 28
17 30
52 8
90 18
36 18
28 32
5 36
8 36
86 18
66 16
28 31
15 31
28 17
30 32
62 63
11 44
29 32
5 38
45 33
8 47
23 9
44 35
44 6
9 46
12 37
52 22
68 13
51 54
40 6
71 8
57 43
46 31
8 47
48 28
53 54
52 14
73 15
42 13
52 8
42 9
63 15
18 30
9 45
20 27
17 30
67 20
47 14
26 12
67 9
10 44
37 22
4 44
50 10
56 32
14 40
86 15
26 9
35 32
32 13
46 35
22 24
27 32
62 61
59 41
3 41
50 21
40 33
46 26
56 51
38 23
18 30
44 32
31 14
8 36
30 12
61 62
27 7
66 16
38 6
58 54
27 30
29 27
34 13
25 14
30 29
63 14
60 20
61 21
42 12
97 18
60 18
34 12
57 50
55 32
62 15
28 22
22 26
38 22
58 51
3 37
54 14
41 25
58 54
59 45
51 59
65 8
30 29
12 37
59 48
49 32
13 35
31 27
22 27
41 33
22 26
42 28
32 17
58 35
14 34
13 36
27 8
49 55
53 30
79 20
5 45
62 33
52 60
79 20
29 31
19 28
22 24
28 14
63 23
46 16
60 22
51 27
71 15
62 21
10 46
96 18
59 25
45 15
45 23
36 29
18 29
54 6
49 7
42 28
47 19
60 64
41 8
32 23
64 5
59 48
43 9
69 9
41 7
63 56
68 12
61 10
77 16
10 34
69 7
63 54
45 21
93 19
58 40
52 61
66 14
44 7
48 33
30 28
4 43
63 16
22 17
45 32
52 31
60 34
54 54
7 45
62 53
12 37
49 21
42 9
53 7
52 58
47 6
62 23
69 16
37 22
21 28
58 37
44 8
61 33
21 11
43 23
58 36
56 27
54 61
71 8
58 51
14 40
58 18
5 40
49 26
58 7
68 16
11 34
31 15
7 46
21 28
43 23
59 38
3 41
61 18
59 43
57 43
31 23
69 9
45 5
40 8
63 55
34 28
59 25
52 60
55 25
3 43
49 33
48 9
42 7
13 37
14 40
52 32
30 14
45 21
78 15
74 15
57 19
58 40
93 19
61 16
57 54
24 24
3 35
42 11
53 35
29 14
50 28
58 26
84 16
57 32
42 24
66 7
69 7
23 8
24 7
44 29
10 45
45 40
33 15
34 30
62 23
15 43
35 8
74 19
53 35
64 16
24 18
48 17
58 7
16 33
63 62
21 12
57 47
52 56
49 26
54 62
76 16
55 34
55 54
58 46
38 23
16 33
44 13
57 51
9 46
24 8
24 8
65 55
12 39
53 62
93 19
67 8
44 6
53 7
51 32
61 65
7 46
58 29
69 16
62 21
55 16
3 44
51 14
39 7
47 35
65 13
32 16
15 32
28 22
52 14
23 19
48 27
52 11
57 25
96 18
68 10
25 12
95 17
46 20
50 8
54 6
26 13
63 59
40 8
12 38
29 12
57 50
36 9
41 12
10 38
45 11
27 12
45 23
58 9
3 40
27 6
69 10
41 8
58 7
55 54
63 9
62 58
36 16
3 47
60 33
12 38
97 18
54 16
27 13
31 32
90 18
59 51
38 5
42 33
49 7
17 30
63 61
58 47
43 8
30 28
33 14
87 15
53 6
59 46
37 20
9 35
71 15
48 37
17 29
53 9
25 7
36 10
51 15
78 15
41 33
53 8
52 30
76 16
55 34
45 6
62 15
48 27
73 20
8 35
31 22
16 31
38 30
25 10
52 33
51 34
62 57
30 30
62 18
53 24
60 33
51 8
62 17
49 9
92 17
14 39
61 54
28 31
61 54
72 15
33 32
56 32
26 16
58 32
48 18
48 15
59 54
13 35
28 6
59 18
13 42
21 28
65 16
42 28
57 18
62 64
68 12
53 34
37 33
71 20
26 9
36 24
26 7
49 9
58 10
57 7
44 9
55 52
32 17
19 28
7 35
56 51
56 27
12 39
50 15
49 9
54 52
65 6
54 6
45 11
45 20
85 16
87 15
43 11
49 10
55 25
29 32
67 21
27 25
25 10
33 13
34 7
34 10
13 36
78 15
34 12
41 33
52 8
62 56
46 39
63 29
34 12
60 33
47 14
47 10
50 34
55 16
44 30
62 18
52 61
49 28
39 24
61 65
38 6
74 19
55 23
32 27
40 7
51 33
42 9
43 41
29 18
45 13
51 21
31 14
3 45
26 14
69 8
48 26
55 16
57 54
30 15
67 9
57 48
41 8
11 34
11 34
29 12
55 53
59 18
70 9
54 65
57 7
54 6
50 29
15 32
47 37
37 33
82 16
9 45
63 6
53 30
56 6
41 27
63 21
37 21
65 8
30 12
77 16
56 16
62 62
34 8
62 61
15 31
62 63
45 40
73 16
49 36
3 38
46 24
45 36
29 29
6 46
63 60
47 32
13 37
15 33
46 6
62 22
34 25
67 8
60 64
9 37
68 11
26 15
36 33
34 12
35 10
55 34
60 37
7 45
45 7
58 25
26 7
25 10
62 53
42 29
10 46
42 9
52 61
39 31
53 7
65 6
50 54
60 22
65 6
48 17
11 34
20 29
44 22
62 15
33 24
22 25
15 32
63 62
43 10
22 22
54 7
31 17
62 55
57 20
36 25
49 28
65 12
72 8
39 6
61 21
57 43
27 22
10 46
52 11
13 41
45 8
52 22
57 54
24 24
39 6
11 43
51 35
57 25
67 14
63 60
33 14
12 43
42 7
53 59
47 26
61 7
68 10
30 28
67 8
55 33
60 16
27 32
62 59
49 27
62 65
54 14
44 38
6 37
90 18
87 16
23 18
56 28
59 44
43 28
25 9
64 10
52 59
30 27
46 20
37 33
40 31
59 41
55 16
47 33
48 35
9 46
39 6
84 19
68 8
48 18
70 15
34 24
50 54
48 35
70 16
4 43
56 54
61 18
27 31
36 18
61 7
27 13
35 19
19 28
54 30
22 11
69 15
6 47
14 41
27 22
32 17
56 25
64 15
36 30
54 33
63 59
52 32
12 38
48 36
51 33
56 17
71 6
49 7
58 35
61 18
5 41
43 34
42 12
34 9
69 20
51 58
69 20
24 24
67 13
10 44
61 29
52 54
59 52
14 40
59 51
34 28
91 16
58 30
6 48
34 18
5 35
22 22
55 64
58 49
38 22
25 12
72 6
36 14
59 11
