130.50882988135146 305.500286816936
180.31693185871842 309.5222266844597
229.50375122956933 318.3835100397756
277.61086569423617 331.94885359179233
324.85319441095515 348.3037649922073
371.34552684569513 366.7195314234495
416.9598808619231 387.1590389328003
461.6426730075244 409.59832561227677
505.0851751473114 434.3241570253701
546.0772692198683 462.9117501722433
586.5061436876572 484.6123408011712
635.5643405065805 477.15749893307685
644.3207862445261 519.3218700619936
631.8877834649226 567.4036737542292
673.8756472378968 581.3538525590301
713.306067195988 611.736396561563
745.2694931610934 650.059160242796
749.5169582699955 698.6829219112635
732.3342738040558 745.556789943133
705.1413237144839 769.1939556920637
705.8731094121933 719.2507918177558
670.7104175071717 685.0179108207442
623.209040223891 669.5451395130158
575.5214620129785 680.4060218235393
525.9295661774286 686.3227833631929
476.1046875049943 683.6536682215458
426.73733006286625 677.224790415816
381.2316139984131 697.0196294535324
360.83315927809474 737.527044152081
352.99435603380203 770.127674849987
325.39498381657154 728.5153697639033
311.58497698448264 681.0072777833939
331.29876661040856 636.4889772408009
364.47104610636086 599.0766894416809
361.82875740742685 558.4896563486591
331.17071939338274 519.015431353569
298.63031158180274 481.06058070842926
264.76558767375434 444.2747715408057
229.34662566818616 408.97829454325137
193.5670543209889 374.06474976339564
157.99320784380285 338.9412697105408